distancia(A,A,0).

distancia(0,1,12.369316876853).
distancia(0,2,19.2093727122985).
distancia(0,3,31.0644491340181).
distancia(0,4,22.2036033111745).
distancia(0,5,16.7630546142402).
distancia(0,6,22.8254244210266).
distancia(0,7,11.6619037896906).
distancia(0,8,24.2074368738204).
distancia(0,9,34.0147027033899).
distancia(0,10,12.0830459735946).
distancia(0,11,20.8806130178211).
distancia(0,12,41.8688428309166).
distancia(0,13,26.9258240356725).
distancia(0,14,36.0138862107382).
distancia(0,15,18.6010752377383).
distancia(0,16,30.6757233003559).
distancia(0,17,27.5862284482674).
distancia(0,18,45.7930125674212).
distancia(0,19,20.8806130178211).
distancia(0,20,26.9258240356725).
distancia(0,21,7.07106781186548).
distancia(0,22,21.5870331449229).
distancia(0,23,29).
distancia(0,24,33.1058907144937).
distancia(0,25,18.8679622641132).
distancia(0,26,8.06225774829855).
distancia(0,27,16.1554944214035).
distancia(0,28,21.3775583264319).
distancia(0,29,32.649655434629).
distancia(0,30,17).
distancia(0,31,6.08276253029822).
distancia(0,32,42.9534631898291).
distancia(0,33,30.6104557300279).
distancia(0,34,27.3130005674953).
distancia(0,35,31.0644491340181).
distancia(0,36,30.4138126514911).
distancia(0,37,18.7882942280559).
distancia(0,38,43.0464865000618).
distancia(0,39,56.0357029044876).
distancia(0,40,44.2040722106007).
distancia(0,41,44.9444101084885).
distancia(0,42,34.1760149812701).
distancia(0,43,37.6563407675255).
distancia(0,44,42.0475920832573).
distancia(0,45,13.9283882771841).
distancia(0,46,23.3238075793812).
distancia(0,47,12.369316876853).
distancia(0,48,26.4007575648882).
distancia(0,49,24.2074368738204).
distancia(0,50,13.8924439894498).
distancia(1,0,12.369316876853).
distancia(1,2,15.2970585407784).
distancia(1,3,37.0135110466435).
distancia(1,4,21.0237960416286).
distancia(1,5,28.0713376952364).
distancia(1,6,34.928498393146).
distancia(1,7,22.2036033111745).
distancia(1,8,16.2788205960997).
distancia(1,9,28.0713376952364).
distancia(1,10,10.6301458127346).
distancia(1,11,24.7588368062799).
distancia(1,12,50.1198563445667).
distancia(1,13,37.6563407675255).
distancia(1,14,35.4682957019364).
distancia(1,15,8.54400374531753).
distancia(1,16,34.0587727318528).
distancia(1,17,35.7770876399966).
distancia(1,18,50.9116882454314).
distancia(1,19,12.0415945787923).
distancia(1,20,14.7648230602334).
distancia(1,21,10.6301458127346).
distancia(1,22,33.9558536926993).
distancia(1,23,41.1096095821889).
distancia(1,24,43.4165866921848).
distancia(1,25,29.0688837074973).
distancia(1,26,19.0262975904404).
distancia(1,27,18.9736659610103).
distancia(1,28,9.05538513813742).
distancia(1,29,23.7697286480094).
distancia(1,30,23.3238075793812).
distancia(1,31,11.4017542509914).
distancia(1,32,39.1152144312159).
distancia(1,33,20).
distancia(1,34,19.1049731745428).
distancia(1,35,24.4131112314674).
distancia(1,36,31.9061122670876).
distancia(1,37,14.560219778561).
distancia(1,38,35.4400902933387).
distancia(1,39,61.5223536610881).
distancia(1,40,50.4479930225178).
distancia(1,41,48.0104155366312).
distancia(1,42,46.4865571966778).
distancia(1,43,38.9486841883009).
distancia(1,44,40.2616442783948).
distancia(1,45,19.723082923316).
distancia(1,46,29.4108823397055).
distancia(1,47,24.738633753706).
distancia(1,48,21.0237960416286).
distancia(1,49,13.8924439894498).
distancia(1,50,21.0237960416286).
distancia(2,0,19.2093727122985).
distancia(2,1,15.2970585407784).
distancia(2,3,49.6789693934969).
distancia(2,4,36.0555127546399).
distancia(2,5,35.3553390593274).
distancia(2,6,35.0142828000232).
distancia(2,7,21.095023109729).
distancia(2,8,31).
distancia(2,9,43.0116263352131).
distancia(2,10,25.0798724079689).
distancia(2,11,38.2753184180093).
distancia(2,12,61.0737259384099).
distancia(2,13,45.6508488420533).
distancia(2,14,50.5964425626941).
distancia(2,15,23).
distancia(2,16,48.0208288141719).
distancia(2,17,46.7546789102438).
distancia(2,18,64.2028036770981).
distancia(2,19,7.81024967590665).
distancia(2,20,24.1660919471891).
distancia(2,21,12.2065556157337).
distancia(2,22,36.6742416417845).
distancia(2,23,45.6070170039655).
distancia(2,24,51.9711458407451).
distancia(2,25,25.3179778023443).
distancia(2,26,27.2029410174709).
distancia(2,27,9.48683298050514).
distancia(2,28,17.0880074906351).
distancia(2,29,37.4833296279826).
distancia(2,30,15.8113883008419).
distancia(2,31,22.8035085019828).
distancia(2,32,54.3323108288245).
distancia(2,33,32.2800247831379).
distancia(2,34,10.0498756211209).
distancia(2,35,12.0830459735946).
distancia(2,36,46.518813398452).
distancia(2,37,29.8328677803526).
distancia(2,38,49.4974746830583).
distancia(2,39,74.6525284233562).
distancia(2,40,63.0317380372777).
distancia(2,41,62.2655603042324).
distancia(2,42,47).
distancia(2,43,53.7121960079831).
distancia(2,44,55.5427763079953).
distancia(2,45,32.0156211871642).
distancia(2,46,41.8688428309166).
distancia(2,47,28.4604989415154).
distancia(2,48,36.2215405525497).
distancia(2,49,27.2946881279124).
distancia(2,50,32.5576411921994).
distancia(3,0,31.0644491340181).
distancia(3,1,37.0135110466435).
distancia(3,2,49.6789693934969).
distancia(3,4,20.3960780543711).
distancia(3,5,21.0237960416286).
distancia(3,6,37.1214223865412).
distancia(3,7,37.6430604494374).
distancia(3,8,32.7566787083184).
distancia(3,9,31.4006369362152).
distancia(3,10,26.6270539113887).
distancia(3,11,12.5299640861417).
distancia(3,12,15.0332963783729).
distancia(3,13,17.8885438199983).
distancia(3,14,18.8679622641132).
distancia(3,15,35.3411940941446).
distancia(3,16,7.61577310586391).
distancia(3,17,7.61577310586391).
distancia(3,18,14.7648230602334).
distancia(3,19,48.91829923454).
distancia(3,20,44.9444101084885).
distancia(3,21,38.0131556174964).
distancia(3,22,31.2569992161756).
distancia(3,23,28.6356421265527).
distancia(3,24,17.6918060129541).
distancia(3,25,42.5793377120875).
distancia(3,26,24.1660919471891).
distancia(3,27,47.0106370941726).
distancia(3,28,43.9089968002003).
distancia(3,29,38.0131556174964).
distancia(3,30,46.2385120867876).
distancia(3,31,26.9072480941474).
distancia(3,32,30.5286750449475).
distancia(3,33,41.5932686861708).
distancia(3,34,55.9732078766261).
distancia(3,35,60.8111831820431).
distancia(3,36,12.6491106406735).
distancia(3,37,26.5706605111728).
distancia(3,38,40.5215991787096).
distancia(3,39,25).
distancia(3,40,13.4536240470737).
distancia(3,41,16.0312195418814).
distancia(3,42,40.853396431631).
distancia(3,43,14.8660687473185).
distancia(3,44,24.8394846967484).
distancia(3,45,17.6918060129541).
distancia(3,46,7.81024967590665).
distancia(3,47,29.4278779391243).
distancia(3,48,28.0713376952364).
distancia(3,49,37.6430604494374).
distancia(3,50,17.2046505340852).
distancia(4,0,22.2036033111745).
distancia(4,1,21.0237960416286).
distancia(4,2,36.0555127546399).
distancia(4,3,20.3960780543711).
distancia(4,5,25.4950975679639).
distancia(4,6,40.2243707222375).
distancia(4,7,33.2415402771893).
distancia(4,8,12.369316876853).
distancia(4,9,14.2126704035519).
distancia(4,10,11.180339887499).
distancia(4,11,9.21954445729289).
distancia(4,12,35.3553390593274).
distancia(4,13,30.4630924234556).
distancia(4,14,14.560219778561).
distancia(4,15,16.2788205960997).
distancia(4,16,14.7648230602334).
distancia(4,17,23.1948270094864).
distancia(4,18,31.9061122670876).
distancia(4,19,32.7566787083184).
distancia(4,20,25.0599281722833).
distancia(4,21,27.0739727413618).
distancia(4,22,36.1247837363769).
distancia(4,23,38.8329756778952).
distancia(4,24,33.9558536926993).
distancia(4,25,40.1621712560464).
distancia(4,26,20.591260281974).
distancia(4,27,37.1214223865412).
distancia(4,28,25.4558441227157).
distancia(4,29,18.2482875908947).
distancia(4,30,39.1152144312159).
distancia(4,31,16.1245154965971).
distancia(4,32,20.8806130178211).
distancia(4,33,21.2132034355964).
distancia(4,34,39.6610640301039).
distancia(4,35,45.2769256906871).
distancia(4,36,11.3137084989848).
distancia(4,37,7.07106781186548).
distancia(4,38,24.2074368738204).
distancia(4,39,42.4381903478459).
distancia(4,40,32.6955654485436).
distancia(4,41,27.5862284482674).
distancia(4,42,48.7954915950234).
distancia(4,43,18.0277563773199).
distancia(4,44,20.0249843945008).
distancia(4,45,12.0415945787923).
distancia(4,46,15.1327459504216).
distancia(4,47,29.1547594742265).
distancia(4,48,8.24621125123532).
distancia(4,49,17.464249196573).
distancia(4,50,14.1421356237309).
distancia(5,0,16.7630546142402).
distancia(5,1,28.0713376952364).
distancia(5,2,35.3553390593274).
distancia(5,3,21.0237960416286).
distancia(5,4,25.4950975679639).
distancia(5,6,16.4924225024706).
distancia(5,7,18.0277563773199).
distancia(5,8,34.0147027033899).
distancia(5,9,39.6988664825584).
distancia(5,10,21.8403296678416).
distancia(5,11,18.0277563773199).
distancia(5,12,27.2029410174709).
distancia(5,13,10.295630140987).
distancia(5,14,34.4383507154451).
distancia(5,15,31.5753068076939).
distancia(5,16,24.738633753706).
distancia(5,17,14.560219778561).
distancia(5,18,34.928498393146).
distancia(5,19,37.6430604494374).
distancia(5,20,41.3037528561268).
distancia(5,21,23.259406699226).
distancia(5,22,11.180339887499).
distancia(5,23,13.9283882771841).
distancia(5,24,16.6433169770932).
distancia(5,25,21.8403296678416).
distancia(5,26,9.05538513813742).
distancia(5,27,29.732137494637).
distancia(5,28,37.0135110466435).
distancia(5,29,42.0594816896262).
distancia(5,30,27.2029410174709).
distancia(5,31,17.0293863659264).
distancia(5,32,44.6542271235322).
distancia(5,33,42.3792402008342).
distancia(5,34,44.0113621693308).
distancia(5,35,47.4130783645188).
distancia(5,36,27.3130005674953).
distancia(5,37,26.8328157299975).
distancia(5,38,49.6789693934969).
distancia(5,39,44.0113621693308).
distancia(5,40,31.9530906173409).
distancia(5,41,37).
distancia(5,42,23.3452350598575).
distancia(5,43,33.2415402771893).
distancia(5,44,41.146081222882).
distancia(5,45,13.6014705087354).
distancia(5,46,15.52417469626).
distancia(5,47,8.94427190999916).
distancia(5,48,33.0151480384383).
distancia(5,49,36.4005494464026).
distancia(5,50,11.4017542509914).
distancia(6,0,22.8254244210266).
distancia(6,1,34.928498393146).
distancia(6,2,35.0142828000232).
distancia(6,3,37.1214223865412).
distancia(6,4,40.2243707222375).
distancia(6,5,16.4924225024706).
distancia(6,7,14.0356688476182).
distancia(6,8,46.0977222864644).
distancia(6,9,54.0370243444252).
distancia(6,10,33.3016516106934).
distancia(6,11,34.0147027033899).
distancia(6,12,39.8497176903426).
distancia(6,13,21.5870331449229).
distancia(6,14,50.6951674225463).
distancia(6,15,41.3400532171888).
distancia(6,16,41.2310562561766).
distancia(6,17,30).
distancia(6,18,50.1597448159378).
distancia(6,19,40.3112887414928).
distancia(6,20,49.6588360717406).
distancia(6,21,25.7099202643649).
distancia(6,22,6.08276253029822).
distancia(6,23,14.2126704035519).
distancia(6,24,26.9258240356725).
distancia(6,25,11.180339887499).
distancia(6,26,19.8494332412792).
distancia(6,27,26.3058928759318).
distancia(6,28,43.6577599058862).
distancia(6,29,54.561891462815).
distancia(6,30,20.8806130178211).
distancia(6,31,27.0185121722126).
distancia(6,32,60.4152298679729).
distancia(6,33,53.2541078227774).
distancia(6,34,45).
distancia(6,35,46.3896540189728).
distancia(6,36,43.6577599058862).
distancia(6,37,39.5979797464467).
distancia(6,38,63.7808748764079).
distancia(6,39,58.2494635168428).
distancia(6,40,46.5295604965274).
distancia(6,41,53.1507290636733).
distancia(6,42,12.0415945787923).
distancia(6,43,49.7292670366254).
distancia(6,44,57.3846669416143).
distancia(6,45,28.3019433961698).
distancia(6,46,32.0156211871642).
distancia(6,47,11.3137084989848).
distancia(6,48,46.7546789102438).
distancia(6,49,46.8721665810319).
distancia(6,50,26.4196896272458).
distancia(7,0,11.6619037896906).
distancia(7,1,22.2036033111745).
distancia(7,2,21.095023109729).
distancia(7,3,37.6430604494374).
distancia(7,4,33.2415402771893).
distancia(7,5,18.0277563773199).
distancia(7,6,14.0356688476182).
distancia(7,8,35.8050275799363).
distancia(7,9,45.6179789118282).
distancia(7,10,23.7065391822594).
distancia(7,11,30).
distancia(7,12,45.22167621838).
distancia(7,13,27.5862284482674).
distancia(7,14,46.2709412050371).
distancia(7,15,29.698484809835).
distancia(7,16,39.2045915678253).
distancia(7,17,32.2024843762092).
distancia(7,18,52.2015325445527).
distancia(7,19,26.3058928759318).
distancia(7,20,36.8917334913934).
distancia(7,21,12.0830459735946).
distancia(7,22,15.8113883008419).
distancia(7,23,25.0798724079689).
distancia(7,24,33.9411254969543).
distancia(7,25,7.21110255092798).
distancia(7,26,14.0356688476182).
distancia(7,27,13).
distancia(7,28,30.4138126514911).
distancia(7,29,44.2040722106007).
distancia(7,30,9.21954445729289).
distancia(7,31,17.464249196573).
distancia(7,32,54.1202365109392).
distancia(7,33,41.7252920900501).
distancia(7,34,31.0161248385416).
distancia(7,35,32.7566787083184).
distancia(7,36,40.0124980474851).
distancia(7,37,30.4138126514911).
distancia(7,38,54.7083174663597).
distancia(7,39,61.7413961617325).
distancia(7,40,49.6588360717406).
distancia(7,41,52.9528091794949).
distancia(7,42,26.0768096208106).
distancia(7,43,47.0106370941726).
distancia(7,44,52.6117857518636).
distancia(7,45,23.0217288664427).
distancia(7,46,30.5941170815567).
distancia(7,47,9.21954445729289).
distancia(7,48,38.0131556174964).
distancia(7,49,35.3553390593274).
distancia(7,50,22.0227155455452).
distancia(8,0,24.2074368738204).
distancia(8,1,16.2788205960997).
distancia(8,2,31).
distancia(8,3,32.7566787083184).
distancia(8,4,12.369316876853).
distancia(8,5,34.0147027033899).
distancia(8,6,46.0977222864644).
distancia(8,7,35.8050275799363).
distancia(8,9,12.0415945787923).
distancia(8,10,12.8062484748657).
distancia(8,11,21.0237960416286).
distancia(8,12,47.6759897642409).
distancia(8,13,41).
distancia(8,14,23.3452350598575).
distancia(8,15,8).
distancia(8,16,26.9258240356725).
distancia(8,17,35).
distancia(8,18,43.8292140016222).
distancia(8,19,25.4950975679639).
distancia(8,20,13.4536240470737).
distancia(8,21,26).
distancia(8,22,43.2666153055679).
distancia(8,23,47.927027865287).
distancia(8,24,45.2769256906871).
distancia(8,25,43.0116263352131).
distancia(8,26,26.6270539113887).
distancia(8,27,35.1710107901379).
distancia(8,28,16.1554944214035).
distancia(8,29,8.48528137423857).
distancia(8,30,39).
distancia(8,31,19.1049731745428).
distancia(8,32,23.7697286480094).
distancia(8,33,9).
distancia(8,34,31.6227766016838).
distancia(8,35,37.6430604494374).
distancia(8,36,22.8254244210266).
distancia(8,37,7.28010988928052).
distancia(8,38,19.313207915828).
distancia(8,39,54.2033209314706).
distancia(8,40,44.9444101084885).
distancia(8,41,38.6005181312376).
distancia(8,42,56.302753041037).
distancia(8,43,28.4253408071038).
distancia(8,44,26.4196896272458).
distancia(8,45,20.8806130178211).
distancia(8,46,27.0185121722126).
distancia(8,47,34.828149534536).
distancia(8,48,6.40312423743285).
distancia(8,49,5.65685424949238).
distancia(8,50,23.0867927612304).
distancia(9,0,34.0147027033899).
distancia(9,1,28.0713376952364).
distancia(9,2,43.0116263352131).
distancia(9,3,31.4006369362152).
distancia(9,4,14.2126704035519).
distancia(9,5,39.6988664825584).
distancia(9,6,54.0370243444252).
distancia(9,7,45.6179789118282).
distancia(9,8,12.0415945787923).
distancia(9,10,21.9317121994613).
distancia(9,11,22.8254244210266).
distancia(9,12,46.1735855224608).
distancia(9,13,44.2944691807002).
distancia(9,14,15.8113883008419).
distancia(9,15,20.0249843945008).
distancia(9,16,24.0831891575846).
distancia(9,17,36.0555127546399).
distancia(9,18,38.8329756778952).
distancia(9,19,37.4833296279826).
distancia(9,20,23.7065391822594).
distancia(9,21,37.107950630559).
distancia(9,22,50.2095608425328).
distancia(9,23,53.0094331227943).
distancia(9,24,47.169905660283).
distancia(9,25,52.7730992078351).
distancia(9,26,34.2052627529741).
distancia(9,27,46.690470119715).
distancia(9,28,27.8926513619627).
distancia(9,29,9.21954445729289).
distancia(9,30,50).
distancia(9,31,28.1780056072107).
distancia(9,32,12.0830459735946).
distancia(9,33,15.6204993518133).
distancia(9,34,43.4165866921848).
distancia(9,35,49.4772675074119).
distancia(9,36,19.0262975904404).
distancia(9,37,15.2315462117278).
distancia(9,38,10).
distancia(9,39,48.3838816136118).
distancia(9,40,41.194659848092).
distancia(9,41,31.9530906173409).
distancia(9,42,62.9682459657247).
distancia(9,43,21.8403296678416).
distancia(9,44,16.2788205960997).
distancia(9,45,26.1725046566048).
distancia(9,46,28.2311884269862).
distancia(9,47,42.8018691180654).
distancia(9,48,7.61577310586391).
distancia(9,49,16.7630546142402).
distancia(9,50,28.3196045170126).
distancia(10,0,12.0830459735946).
distancia(10,1,10.6301458127346).
distancia(10,2,25.0798724079689).
distancia(10,3,26.6270539113887).
distancia(10,4,11.180339887499).
distancia(10,5,21.8403296678416).
distancia(10,6,33.3016516106934).
distancia(10,7,23.7065391822594).
distancia(10,8,12.8062484748657).
distancia(10,9,21.9317121994613).
distancia(10,11,14.2126704035519).
distancia(10,12,40.3112887414928).
distancia(10,13,30.0166620396073).
distancia(10,14,25.7099202643649).
distancia(10,15,10).
distancia(10,16,23.43074902772).
distancia(10,17,26.2488094968134).
distancia(10,18,40.3112887414928).
distancia(10,19,22.6715680975093).
distancia(10,20,20.0249843945008).
distancia(10,21,16).
distancia(10,22,30.5286750449475).
distancia(10,23,35.7351367704113).
distancia(10,24,35.1283361405006).
distancia(10,25,30.886890422961).
distancia(10,26,13.8924439894498).
distancia(10,27,26.0192236625154).
distancia(10,28,17.464249196573).
distancia(10,29,21.2602916254693).
distancia(10,30,28.4429253066558).
distancia(10,31,6.40312423743285).
distancia(10,32,31.2569992161756).
distancia(10,33,20.6155281280883).
distancia(10,34,29.732137494637).
distancia(10,35,35).
distancia(10,36,21.4709105535839).
distancia(10,37,6.70820393249937).
distancia(10,38,31.0644491340181).
distancia(10,39,50.9313263129874).
distancia(10,40,40).
distancia(10,41,37.4432904536981).
distancia(10,42,43.5660418215839).
distancia(10,43,28.6356421265527).
distancia(10,44,31.1448230047949).
distancia(10,45,10.1980390271856).
distancia(10,46,19.2353840616713).
distancia(10,47,22.0227155455452).
distancia(10,48,14.3178210632763).
distancia(10,49,14.560219778561).
distancia(10,50,12.0415945787923).
distancia(11,0,20.8806130178211).
distancia(11,1,24.7588368062799).
distancia(11,2,38.2753184180093).
distancia(11,3,12.5299640861417).
distancia(11,4,9.21954445729289).
distancia(11,5,18.0277563773199).
distancia(11,6,34.0147027033899).
distancia(11,7,30).
distancia(11,8,21.0237960416286).
distancia(11,9,22.8254244210266).
distancia(11,10,14.2126704035519).
distancia(11,12,26.9258240356725).
distancia(11,13,21.4709105535839).
distancia(11,14,16.7630546142402).
distancia(11,15,22.8473193175917).
distancia(11,16,9.8488578017961).
distancia(11,17,14.0356688476182).
distancia(11,18,26.1725046566048).
distancia(11,19,36.7695526217005).
distancia(11,20,32.5729949498047).
distancia(11,21,27.3130005674953).
distancia(11,22,29.1547594742265).
distancia(11,23,30.4795013082563).
distancia(11,24,24.738633753706).
distancia(11,25,36.2215405525497).
distancia(11,26,16.0312195418814).
distancia(11,27,37).
distancia(11,28,31.3847096529504).
distancia(11,29,27.459060435492).
distancia(11,30,37.4833296279826).
distancia(11,31,15.6524758424985).
distancia(11,32,26.6270539113887).
distancia(11,33,30.0166620396073).
distancia(11,34,43.840620433566).
distancia(11,35,48.91829923454).
distancia(11,36,10.0498756211209).
distancia(11,37,14.3178210632763).
distancia(11,38,32.7566787083184).
distancia(11,39,36.7695526217005).
distancia(11,40,25.8069758011279).
distancia(11,41,24.1660919471891).
distancia(11,42,41.2310562561766).
distancia(11,43,17.0293863659264).
distancia(11,44,23.4093998214393).
distancia(11,45,7.07106781186548).
distancia(11,46,6).
distancia(11,47,23.7697286480094).
distancia(11,48,17.464249196573).
distancia(11,49,25.4950975679639).
distancia(11,50,8.06225774829855).
distancia(12,0,41.8688428309166).
distancia(12,1,50.1198563445667).
distancia(12,2,61.0737259384099).
distancia(12,3,15.0332963783729).
distancia(12,4,35.3553390593274).
distancia(12,5,27.2029410174709).
distancia(12,6,39.8497176903426).
distancia(12,7,45.22167621838).
distancia(12,8,47.6759897642409).
distancia(12,9,46.1735855224608).
distancia(12,10,40.3112887414928).
distancia(12,11,26.9258240356725).
distancia(12,13,18.3847763108502).
distancia(12,14,32.2800247831379).
distancia(12,15,49.6487663492256).
distancia(12,16,22.0907220343745).
distancia(12,17,14.422205101856).
distancia(12,18,14.422205101856).
distancia(12,19,61.5873363606513).
distancia(12,20,59.4810894318522).
distancia(12,21,48.91829923454).
distancia(12,22,33.8378486313773).
distancia(12,23,27.1661554144122).
distancia(12,24,13.1529464379659).
distancia(12,25,48.3011387029333).
distancia(12,26,33.9705755029261).
distancia(12,27,56.6392090340252).
distancia(12,28,57.7754273026172).
distancia(12,29,53.0377224247045).
distancia(12,30,54.4058820349418).
distancia(12,31,39.1152144312159).
distancia(12,32,43.6577599058862).
distancia(12,33,56.5685424949238).
distancia(12,34,68.5054742338158).
distancia(12,35,72.8010988928052).
distancia(12,36,27.1661554144122).
distancia(12,37,41.2310562561766).
distancia(12,38,54.9181208709839).
distancia(12,39,19).
distancia(12,40,9.4339811320566).
distancia(12,41,21.9317121994613).
distancia(12,42,39).
distancia(12,43,26.9258240356725).
distancia(12,44,37.1618083521241).
distancia(12,45,30.4138126514911).
distancia(12,46,21.1896201004171).
distancia(12,47,36.0555127546399).
distancia(12,48,43.1045241245046).
distancia(12,49,52.3927475897189).
distancia(12,50,29.1547594742265).
distancia(13,0,26.9258240356725).
distancia(13,1,37.6563407675255).
distancia(13,2,45.6508488420533).
distancia(13,3,17.8885438199983).
distancia(13,4,30.4630924234556).
distancia(13,5,10.295630140987).
distancia(13,6,21.5870331449229).
distancia(13,7,27.5862284482674).
distancia(13,8,41).
distancia(13,9,44.2944691807002).
distancia(13,10,30.0166620396073).
distancia(13,11,21.4709105535839).
distancia(13,12,18.3847763108502).
distancia(13,14,35.3836120259083).
distancia(13,15,40.0124980474851).
distancia(13,16,24.2074368738204).
distancia(13,17,10.295630140987).
distancia(13,18,29.0172362570938).
distancia(13,19,47.7598157450382).
distancia(13,20,50).
distancia(13,21,33.5410196624968).
distancia(13,22,15.52417469626).
distancia(13,23,10.770329614269).
distancia(13,24,6.40312423743285).
distancia(13,25,30.0166620396073).
distancia(13,26,18.9736659610103).
distancia(13,27,39.8246155034798).
distancia(13,28,46.3896540189728).
distancia(13,29,48.3838816136118).
distancia(13,30,36.7967389859482).
distancia(13,31,26.3058928759318).
distancia(13,32,46.690470119715).
distancia(13,33,49.8196748283246).
distancia(13,34,54.230987451825).
distancia(13,35,57.706152185014).
distancia(13,36,28.2842712474619).
distancia(13,37,33.734255586866).
distancia(13,38,54.2033209314706).
distancia(13,39,36.6742416417845).
distancia(13,40,25.0798724079689).
distancia(13,41,33.2415402771893).
distancia(13,42,23.0867927612304).
distancia(13,43,32.4499614791759).
distancia(13,44,41.8688428309166).
distancia(13,45,20.2237484161567).
distancia(13,46,16.4012194668567).
distancia(13,47,18.3847763108502).
distancia(13,48,38.6264158316559).
distancia(13,49,44.2831796509691).
distancia(13,50,18.1107702762748).
distancia(14,0,36.0138862107382).
distancia(14,1,35.4682957019364).
distancia(14,2,50.5964425626941).
distancia(14,3,18.8679622641132).
distancia(14,4,14.560219778561).
distancia(14,5,34.4383507154451).
distancia(14,6,50.6951674225463).
distancia(14,7,46.2709412050371).
distancia(14,8,23.3452350598575).
distancia(14,9,15.8113883008419).
distancia(14,10,25.7099202643649).
distancia(14,11,16.7630546142402).
distancia(14,12,32.2800247831379).
distancia(14,13,35.3836120259083).
distancia(14,15,29.6816441593117).
distancia(14,16,11.4017542509914).
distancia(14,17,25.4950975679639).
distancia(14,18,23.1948270094864).
distancia(14,19,46.9574275274956).
distancia(14,20,36.7695526217005).
distancia(14,21,41.4366987102013).
distancia(14,22,45.6179789118282).
distancia(14,23,45.6070170039655).
distancia(14,24,36.4005494464026).
distancia(14,25,52.7730992078351).
distancia(14,26,32.5576411921994).
distancia(14,27,51.478150704935).
distancia(14,28,38.8329756778952).
distancia(14,29,24.5967477524977).
distancia(14,30,53.0094331227943).
distancia(14,31,30.0665927567458).
distancia(14,32,11.6619037896906).
distancia(14,33,30.2324329156619).
distancia(14,34,53.7121960079831).
distancia(14,35,59.4810894318522).
distancia(14,36,7.21110255092798).
distancia(14,37,21.0237960416286).
distancia(14,38,23.0217288664427).
distancia(14,39,32.5729949498047).
distancia(14,40,26.0192236625154).
distancia(14,41,16.1554944214035).
distancia(14,42,57.1401785086466).
distancia(14,43,6.08276253029822).
distancia(14,44,6.70820393249937).
distancia(14,45,23.3452350598575).
distancia(14,46,19.4164878389476).
distancia(14,47,40.5215991787096).
distancia(14,48,16.9705627484771).
distancia(14,49,29).
distancia(14,50,24.738633753706).
distancia(15,0,18.6010752377383).
distancia(15,1,8.54400374531753).
distancia(15,2,23).
distancia(15,3,35.3411940941446).
distancia(15,4,16.2788205960997).
distancia(15,5,31.5753068076939).
distancia(15,6,41.3400532171888).
distancia(15,7,29.698484809835).
distancia(15,8,8).
distancia(15,9,20.0249843945008).
distancia(15,10,10).
distancia(15,11,22.8473193175917).
distancia(15,12,49.6487663492256).
distancia(15,13,40.0124980474851).
distancia(15,14,29.6816441593117).
distancia(15,16,30.8058436014987).
distancia(15,17,35.9026461420325).
distancia(15,18,48.0104155366312).
distancia(15,19,17.7200451466693).
distancia(15,20,10.0498756211209).
distancia(15,21,18.8679622641132).
distancia(15,22,39.3954312071844).
distancia(15,23,45.3541618817943).
distancia(15,24,45.0998891351187).
distancia(15,25,36.7967389859482).
distancia(15,26,23.0867927612304).
distancia(15,27,27.5136329843952).
distancia(15,28,9.21954445729289).
distancia(15,29,15.2315462117278).
distancia(15,30,31.7647603485372).
distancia(15,31,14.8660687473185).
distancia(15,32,31.5753068076939).
distancia(15,33,12.0415945787923).
distancia(15,34,24.1660919471891).
distancia(15,35,30.0832179129827).
distancia(15,36,27.5862284482674).
distancia(15,37,9.21954445729289).
distancia(15,38,26.9258240356725).
distancia(15,39,58.6003412959344).
distancia(15,40,48.3735464897913).
distancia(15,41,43.840620433566).
distancia(15,42,52.3259018078045).
distancia(15,43,34.0587727318528).
distancia(15,44,33.6154726279432).
distancia(15,45,20.0997512422418).
distancia(15,46,28.4604989415154).
distancia(15,47,30.4138126514911).
distancia(15,48,13.6014705087354).
distancia(15,49,5.65685424949238).
distancia(15,50,22.0227155455452).
distancia(16,0,30.6757233003559).
distancia(16,1,34.0587727318528).
distancia(16,2,48.0208288141719).
distancia(16,3,7.61577310586391).
distancia(16,4,14.7648230602334).
distancia(16,5,24.738633753706).
distancia(16,6,41.2310562561766).
distancia(16,7,39.2045915678253).
distancia(16,8,26.9258240356725).
distancia(16,9,24.0831891575846).
distancia(16,10,23.43074902772).
distancia(16,11,9.8488578017961).
distancia(16,12,22.0907220343745).
distancia(16,13,24.2074368738204).
distancia(16,14,11.4017542509914).
distancia(16,15,30.8058436014987).
distancia(16,17,14.1421356237309).
distancia(16,18,17.2046505340852).
distancia(16,19,46.0977222864644).
distancia(16,20,39.8246155034798).
distancia(16,21,37.1618083521241).
distancia(16,22,35.7351367704113).
distancia(16,23,34.6698716467194).
distancia(16,24,25).
distancia(16,25,45).
distancia(16,26,25.1793566240283).
distancia(16,27,46.8187996428785).
distancia(16,28,39.8246155034798).
distancia(16,29,31.2569992161756).
distancia(16,30,47.0744091837593).
distancia(16,31,25.4950975679639).
distancia(16,32,23.0217288664427).
distancia(16,33,35.4400902933387).
distancia(16,34,53.1507290636733).
distancia(16,35,58.4123274660409).
distancia(16,36,5.09901951359278).
distancia(16,37,21.6333076527839).
distancia(16,38,32.9848450049413).
distancia(16,39,27.8028775489157).
distancia(16,40,18.0277563773199).
distancia(16,41,14.3178210632763).
distancia(16,42,46.5295604965274).
distancia(16,43,8.54400374531753).
distancia(16,44,17.6918060129541).
distancia(16,45,16.7630546142402).
distancia(16,46,9.21954445729289).
distancia(16,47,32.0624390837628).
distancia(16,48,21.5870331449229).
distancia(16,49,32.2024843762092).
distancia(16,50,17.2626765016321).
distancia(17,0,27.5862284482674).
distancia(17,1,35.7770876399966).
distancia(17,2,46.7546789102438).
distancia(17,3,7.61577310586391).
distancia(17,4,23.1948270094864).
distancia(17,5,14.560219778561).
distancia(17,6,30).
distancia(17,7,32.2024843762092).
distancia(17,8,35).
distancia(17,9,36.0555127546399).
distancia(17,10,26.2488094968134).
distancia(17,11,14.0356688476182).
distancia(17,12,14.422205101856).
distancia(17,13,10.295630140987).
distancia(17,14,25.4950975679639).
distancia(17,15,35.9026461420325).
distancia(17,16,14.1421356237309).
distancia(17,18,20.3960780543711).
distancia(17,19,47.169905660283).
distancia(17,20,45.8911756223351).
distancia(17,21,34.6554469023269).
distancia(17,22,24.0208242989286).
distancia(17,23,21.0237960416286).
distancia(17,24,11.180339887499).
distancia(17,25,36.4005494464026).
distancia(17,26,19.8494332412792).
distancia(17,27,42.8018691180654).
distancia(17,28,43.6577599058862).
distancia(17,29,41.4366987102013).
distancia(17,30,41.182520563948).
distancia(17,31,24.6981780704569).
distancia(17,32,37.0135110466435).
distancia(17,33,44).
distancia(17,34,54.0832691319598).
distancia(17,35,58.4123274660409).
distancia(17,36,18.6010752377383).
distancia(17,37,28.0713376952364).
distancia(17,38,45.6946386351835).
distancia(17,39,29.5465734053883).
distancia(17,40,17.464249196573).
distancia(17,41,23.3452350598575).
distancia(17,42,33.2415402771893).
distancia(17,43,22.2036033111745).
distancia(17,44,31.8276609256791).
distancia(17,45,16.1554944214035).
distancia(17,46,8.06225774829855).
distancia(17,47,23.4093998214393).
distancia(17,48,31.4006369362152).
distancia(17,49,39.2045915678253).
distancia(17,50,14.7648230602334).
distancia(18,0,45.7930125674212).
distancia(18,1,50.9116882454314).
distancia(18,2,64.2028036770981).
distancia(18,3,14.7648230602334).
distancia(18,4,31.9061122670876).
distancia(18,5,34.928498393146).
distancia(18,6,50.1597448159378).
distancia(18,7,52.2015325445527).
distancia(18,8,43.8292140016222).
distancia(18,9,38.8329756778952).
distancia(18,10,40.3112887414928).
distancia(18,11,26.1725046566048).
distancia(18,12,14.422205101856).
distancia(18,13,29.0172362570938).
distancia(18,14,23.1948270094864).
distancia(18,15,48.0104155366312).
distancia(18,16,17.2046505340852).
distancia(18,17,20.3960780543711).
distancia(18,19,62.9364759102383).
distancia(18,20,56.938563381947).
distancia(18,21,52.6972485050216).
distancia(18,22,44.1021541423999).
distancia(18,23,39.319206502675).
distancia(18,24,25.7099202643649).
distancia(18,25,56.7538544946509).
distancia(18,26,38.9101529166874).
distancia(18,27,61.773780845922).
distancia(18,28,57.0087712549569).
distancia(18,29,47.1274866717927).
distancia(18,30,60.9261848469113).
distancia(18,31,41.4004830889689).
distancia(18,32,33.1360830515618).
distancia(18,33,52).
distancia(18,34,70.0071424927486).
distancia(18,35,75.0732975164938).
distancia(18,36,21.0237960416286).
distancia(18,37,38.8329756778952).
distancia(18,38,46.0434577328854).
distancia(18,39,10.6301458127346).
distancia(18,40,5).
distancia(18,41,8.54400374531753).
distancia(18,42,51.6236379965612).
distancia(18,43,17.1172427686237).
distancia(18,44,26.1725046566048).
distancia(18,45,32.2024843762092).
distancia(18,46,22.4722050542442).
distancia(18,47,43.6806593356831).
distancia(18,48,38.0788655293195).
distancia(18,49,49.2442890089805).
distancia(18,50,31.9061122670876).
distancia(19,0,20.8806130178211).
distancia(19,1,12.0415945787923).
distancia(19,2,7.81024967590665).
distancia(19,3,48.91829923454).
distancia(19,4,32.7566787083184).
distancia(19,5,37.6430604494374).
distancia(19,6,40.3112887414928).
distancia(19,7,26.3058928759318).
distancia(19,8,25.4950975679639).
distancia(19,9,37.4833296279826).
distancia(19,10,22.6715680975093).
distancia(19,11,36.7695526217005).
distancia(19,12,61.5873363606513).
distancia(19,13,47.7598157450382).
distancia(19,14,46.9574275274956).
distancia(19,15,17.7200451466693).
distancia(19,16,46.0977222864644).
distancia(19,17,47.169905660283).
distancia(19,18,62.9364759102383).
distancia(19,20,16.7630546142402).
distancia(19,21,15.0332963783729).
distancia(19,22,41.0121933088197).
distancia(19,23,49.3659801887899).
distancia(19,24,53.851648071345).
distancia(19,25,31.6227766016838).
distancia(19,26,28.7923600977759).
distancia(19,27,16.6433169770932).
distancia(19,28,10.0498756211209).
distancia(19,29,31.0161248385416).
distancia(19,30,22.8254244210266).
distancia(19,31,22.4722050542442).
distancia(19,32,49.2442890089805).
distancia(19,33,25.3179778023443).
distancia(19,34,7.07106781186548).
distancia(19,35,12.5299640861417).
distancia(19,36,43.8292140016222).
distancia(19,37,25.9422435421457).
distancia(19,38,43.0464865000618).
distancia(19,39,73.5391052434009).
distancia(19,40,62.3698645180507).
distancia(19,41,60).
distancia(19,42,52.3450093132096).
distancia(19,43,50.7740090991444).
distancia(19,44,51.2640224719052).
distancia(19,45,31.4006369362152).
distancia(19,46,41.2310562561766).
distancia(19,47,32.1403173599764).
distancia(19,48,31.3209195267317).
distancia(19,49,21.0237960416286).
distancia(19,50,32.4499614791759).
distancia(20,0,26.9258240356725).
distancia(20,1,14.7648230602334).
distancia(20,2,24.1660919471891).
distancia(20,3,44.9444101084885).
distancia(20,4,25.0599281722833).
distancia(20,5,41.3037528561268).
distancia(20,6,49.6588360717406).
distancia(20,7,36.8917334913934).
distancia(20,8,13.4536240470737).
distancia(20,9,23.7065391822594).
distancia(20,10,20.0249843945008).
distancia(20,11,32.5729949498047).
distancia(20,12,59.4810894318522).
distancia(20,13,50).
distancia(20,14,36.7695526217005).
distancia(20,15,10.0498756211209).
distancia(20,16,39.8246155034798).
distancia(20,17,45.8911756223351).
distancia(20,18,56.938563381947).
distancia(20,19,16.7630546142402).
distancia(20,21,25).
distancia(20,22,48.3838816136118).
distancia(20,23,54.9181208709839).
distancia(20,24,55.145262715849).
distancia(20,25,43.6004587131833).
distancia(20,26,32.5576411921994).
distancia(20,27,31.4006369362152).
distancia(20,28,7.21110255092798).
distancia(20,29,15.52417469626).
distancia(20,30,36.7967389859482).
distancia(20,31,24.3310501211929).
distancia(20,32,35.7770876399966).
distancia(20,33,9.05538513813742).
distancia(20,34,21).
distancia(20,35,27.0185121722126).
distancia(20,36,36.0555127546399).
distancia(20,37,18.3847763108502).
distancia(20,38,27.1661554144122).
distancia(20,39,67.4166151627327).
distancia(20,40,57.6974869470066).
distancia(20,41,52.0096144957834).
distancia(20,42,61.0982814815605).
distancia(20,43,41.8688428309166).
distancia(20,44,39.4081209904761).
distancia(20,45,30.1496268633627).
distancia(20,46,38.3275357934736).
distancia(20,47,39.2173431022552).
distancia(20,48,19.7989898732233).
distancia(20,49,7.81024967590665).
distancia(20,50,32.0624390837628).
distancia(21,0,7.07106781186548).
distancia(21,1,10.6301458127346).
distancia(21,2,12.2065556157337).
distancia(21,3,38.0131556174964).
distancia(21,4,27.0739727413618).
distancia(21,5,23.259406699226).
distancia(21,6,25.7099202643649).
distancia(21,7,12.0830459735946).
distancia(21,8,26).
distancia(21,9,37.107950630559).
distancia(21,10,16).
distancia(21,11,27.3130005674953).
distancia(21,12,48.91829923454).
distancia(21,13,33.5410196624968).
distancia(21,14,41.4366987102013).
distancia(21,15,18.8679622641132).
distancia(21,16,37.1618083521241).
distancia(21,17,34.6554469023269).
distancia(21,18,52.6972485050216).
distancia(21,19,15.0332963783729).
distancia(21,20,25).
distancia(21,22,26).
distancia(21,23,34.3656805548792).
distancia(21,24,39.8246155034798).
distancia(21,25,18.6010752377383).
distancia(21,26,15).
distancia(21,27,10.0498756211209).
distancia(21,28,18.3575597506858).
distancia(21,29,34).
distancia(21,30,13).
distancia(21,31,11.7046999107196).
distancia(21,32,47.169905660283).
distancia(21,33,30.6104557300279).
distancia(21,34,20.8806130178211).
distancia(21,35,24.1867732448957).
distancia(21,36,36.4005494464026).
distancia(21,37,22.2036033111745).
distancia(21,38,45.3100430368368).
distancia(21,39,63.0079360080935).
distancia(21,40,51.2249938994628).
distancia(21,41,51.478150704935).
distancia(21,42,37.6563407675255).
distancia(21,43,43.6806593356831).
distancia(21,44,47.0956473572665).
distancia(21,45,20.591260281974).
distancia(21,46,30.2324329156619).
distancia(21,47,17.1172427686237).
distancia(21,48,29.6141857899217).
distancia(21,49,24.4131112314674).
distancia(21,50,20.8086520466848).
distancia(22,0,21.5870331449229).
distancia(22,1,33.9558536926993).
distancia(22,2,36.6742416417845).
distancia(22,3,31.2569992161756).
distancia(22,4,36.1247837363769).
distancia(22,5,11.180339887499).
distancia(22,6,6.08276253029822).
distancia(22,7,15.8113883008419).
distancia(22,8,43.2666153055679).
distancia(22,9,50.2095608425328).
distancia(22,10,30.5286750449475).
distancia(22,11,29.1547594742265).
distancia(22,12,33.8378486313773).
distancia(22,13,15.52417469626).
distancia(22,14,45.6179789118282).
distancia(22,15,39.3954312071844).
distancia(22,16,35.7351367704113).
distancia(22,17,24.0208242989286).
distancia(22,18,44.1021541423999).
distancia(22,19,41.0121933088197).
distancia(22,20,48.3838816136118).
distancia(22,21,26).
distancia(22,23,9.4339811320566).
distancia(22,24,21.0237960416286).
distancia(22,25,15.5563491861041).
distancia(22,26,16.6433169770932).
distancia(22,27,28.7923600977759).
distancia(22,28,42.9534631898291).
distancia(22,29,51.6139516022558).
distancia(22,30,24.1867732448957).
distancia(22,31,24.5967477524977).
distancia(22,32,55.7584074378026).
distancia(22,33,51).
distancia(22,34,46.3896540189728).
distancia(22,35,48.5077313425396).
distancia(22,36,38.4837628097877).
distancia(22,37,36.4005494464026).
distancia(22,38,60.1082357085949).
distancia(22,39,52.1727898429823).
distancia(22,40,40.4474968323134).
distancia(22,41,47.2652091923859).
distancia(22,42,13.0384048104053).
distancia(22,43,44.2718872423573).
distancia(22,44,52.3259018078045).
distancia(22,45,24.0831891575846).
distancia(22,46,26.5706605111728).
distancia(22,47,9.21954445729289).
distancia(22,48,43.1856457633784).
distancia(22,49,44.7213595499958).
distancia(22,50,22.0227155455452).
distancia(23,0,29).
distancia(23,1,41.1096095821889).
distancia(23,2,45.6070170039655).
distancia(23,3,28.6356421265527).
distancia(23,4,38.8329756778952).
distancia(23,5,13.9283882771841).
distancia(23,6,14.2126704035519).
distancia(23,7,25.0798724079689).
distancia(23,8,47.927027865287).
distancia(23,9,53.0094331227943).
distancia(23,10,35.7351367704113).
distancia(23,11,30.4795013082563).
distancia(23,12,27.1661554144122).
distancia(23,13,10.770329614269).
distancia(23,14,45.6070170039655).
distancia(23,15,45.3541618817943).
distancia(23,16,34.6698716467194).
distancia(23,17,21.0237960416286).
distancia(23,18,39.319206502675).
distancia(23,19,49.3659801887899).
distancia(23,20,54.9181208709839).
distancia(23,21,34.3656805548792).
distancia(23,22,9.4339811320566).
distancia(23,24,14.0356688476182).
distancia(23,25,24.8394846967484).
distancia(23,26,22.3606797749979).
distancia(23,27,38.0788655293195).
distancia(23,28,50.1597448159378).
distancia(23,29,55.9016994374947).
distancia(23,30,33.6154726279432).
distancia(23,31,30.5941170815567).
distancia(23,32,56.6392090340252).
distancia(23,33,56.302753041037).
distancia(23,34,55.1089829338194).
distancia(23,35,57.567351858497).
distancia(23,36,38.4187454245971).
distancia(23,37,40.7185461430047).
distancia(23,38,63.0079360080935).
distancia(23,39,46.0977222864644).
